tmp1 <- matrix(rep(0, 42), nr = 6, nc = 7)
tmp1[2,3] <- 10
tmp1[3,2] <- 13
tmp1[4,1] <- 2
tmp1[1,7] <- 4
tmp1[2,7] <- 5
tmp1[4,5] <- 3
tmp1[3,3] <- -4
tmp1[1,2] <- 1
tmp1[2,1] <- 4

x <- c(1,2,3,4,5.5,6,7)
a <- c(4, 2, 1, 13, 10, -4, 3, 4, 5)
r <- c(1, 3, 0, 2, 1, 2, 3, 0, 1)
c <- c(0, 2, 4, 6, 6, 7, 7, 9)

tmp1 %*% x